x = 1:1:100;
y80 = [40,40,40,40,40,40,40,40,40,37,37,37,37,39,39,39,39,42,42,42,42,42,45,45,45,45,45,48,48,48,48,48,48,48,48,48,48,48,48,49,49,49,49,49,49,49,51,51,51,51,51,51,49,49,42,42,42,42,42,42,42,42,42,42,42,42,42,42,42,42,42,42,42,42,42,42,41,41,41,41,41,41,41,39,39,44,54,54,54,54,57,69,81,94,100,100,100,100,100,100];
y60 = [40,40,40,40,40,40,40,40,40,37,37,37,37,30,30,30,30,31,31,31,31,31,33,33,33,33,33,29,29,29,29,29,29,29,29,29,29,29,29,30,30,30,30,30,30,30,27,27,27,27,27,27,28,28,32,32,32,32,32,32,32,32,32,32,32,32,32,32,32,32,32,32,32,32,32,32,32,32,32,32,32,32,32,30,30,21,3,3,3,3,0,7,15,23,32,41,51,51,51,51];
y40 = [40,40,40,40,40,40,40,40,40,37,37,37,37,30,30,30,30,23,23,23,23,23,17,17,17,17,17,17,17,17,17,17,17,17,17,17,17,17,17,15,15,15,15,15,15,15,11,11,11,11,11,11,7,7,0,0,0,0,0,0,0,0,0,0,0,0,0,0,0,0,0,0,0,0,0,0,0,0,0,0,0,0,0,0,0,2,0,0,0,0,1,6,0,0,0,0,0,0,0,0];
%y40 = [40,40,40,40,40,40,40,40,40,42,42,42,42,38,38,38,38,33,33,33,33,33,35,35,35,35,35,37,37,37,37,37,37,37,37,37,37,37,37,36,36,36,36,36,36,36,33,33,33,33,33,33,34,34,38,38,38,38,38,38,38,38,38,38,38,38,38,38,38,38,38,38,38,38,38,38,37,37,37,37,37,37,37,38,38,29,11,11,11,11,13,0,0,7,0,0,6,6,6,6];
% plot(x, y80, x, y60, x, y40);
% xlabel('distance');
% ylabel('credit');
% legend('80% successful verification', '60% successful verification', '40% successful verification', 'Location', 'NorthWest');

y_even_decay02 = [40,47,47,47,54,54,54,54,59,59,59,59,59,59,59,59,58,58,66,66,66,66,66,69,69,69,69,69,69,72,72,72,72,72,72,70,70,70,70,70,70,70,70,70,70,71,71,71,71,71,71,71,71,71,73,73,73,73,73,73,73,73,75,75,75,80,80,80,85,85,85,85,85,88,100,100,100,100,100,100,100,100,100,100,100,100,100,100,100,100,100,100,100,100,100,100,100,100,100,100];
y_ueven_decay02 = [40,40,40,40,40,40,40,40,40,37,37,37,37,30,30,30,30,31,31,31,31,31,33,33,33,33,33,35,35,35,35,35,35,35,35,35,35,35,35,36,36,36,36,36,36,36,38,38,38,38,38,38,40,40,47,47,47,47,47,47,47,47,47,47,47,47,47,47,47,47,47,47,47,47,47,47,48,48,48,48,48,48,48,50,50,58,74,74,74,74,71,86,75,89,100,100,100,100,100,100];
y_even_decay01 = [40,53,53,53,66,66,66,66,59,59,59,59,59,59,59,59,62,62,77,77,77,77,77,83,83,83,83,83,83,88,88,88,88,88,88,94,94,94,94,94,94,94,94,94,94,92,92,92,92,92,92,92,92,92,95,95,95,95,95,95,95,95,99,99,99,100,100,100,93,93,93,93,93,99,100,100,100,100,94,94,94,94,100,100,100,100,100,100,100,100,100,100,100,100,100,100,100,100,100,100];
y_ueven_decay01 = [40,40,40,40,40,40,40,40,40,35,35,35,35,39,39,39,39,45,45,45,45,45,38,38,38,38,38,42,42,42,42,42,42,42,42,42,42,42,42,44,44,44,44,44,44,44,40,40,40,40,40,40,44,44,56,56,56,56,56,56,56,56,56,56,56,56,56,56,56,56,56,56,56,56,56,56,57,57,57,57,57,57,57,61,61,75,100,100,100,100,100,100,100,100,100,100,100,100,100,100];
y_even_decay05 = [40,43,43,43,46,46,46,46,45,45,45,45,45,45,45,45,46,46,49,49,49,49,49,48,48,48,48,48,48,49,49,49,49,49,49,50,50,50,50,50,50,50,50,50,50,49,49,49,49,49,49,49,49,49,50,50,50,50,50,50,50,50,51,51,51,53,53,53,51,51,51,51,51,52,57,57,57,57,58,58,58,58,59,59,59,59,59,59,59,59,60,60,60,60,61,61,61,61,61,61];
y_ueven_decay05 = [40,40,40,40,40,40,40,40,40,41,41,41,41,39,39,39,39,40,40,40,40,40,41,41,41,41,41,40,40,40,40,40,40,40,40,40,40,40,40,40,40,40,40,40,40,40,39,39,39,39,39,39,38,38,40,40,40,40,40,40,40,40,40,40,40,40,40,40,40,40,40,40,40,40,40,40,40,40,40,40,40,40,40,41,41,43,37,37,37,37,38,43,48,53,58,53,58,58,58,58];
y_even_decay03 = [40,44,44,44,48,48,48,48,51,51,51,51,51,51,51,51,53,53,60,60,60,60,60,63,63,63,63,63,63,62,62,62,62,62,62,64,64,64,64,64,64,64,64,64,64,65,65,65,65,65,65,65,65,65,66,66,66,66,66,66,66,66,67,67,67,65,65,65,63,63,63,63,63,65,75,75,75,75,78,78,78,78,81,81,81,81,81,81,81,81,82,82,82,82,85,85,85,85,85,85];
y_ueven_decay03 = [40,40,40,40,40,40,40,40,40,41,41,41,41,44,44,44,44,47,47,47,47,47,45,45,45,45,45,47,47,47,47,47,47,47,47,47,47,47,47,48,48,48,48,48,48,48,50,50,50,50,50,50,52,52,58,58,58,58,58,58,58,58,58,58,58,58,58,58,58,58,58,58,58,58,58,58,59,59,59,59,59,59,59,61,61,67,61,61,61,61,64,75,69,79,90,83,93,93,93,93];
%plot(x, y_even_decay01, x, y_ueven_decay01);
% plot(x, y_even_decay03, x, y_ueven_decay03);
% axis([0 100 0 100]);
% xlabel('distance');
% ylabel('credit');
% legend('uniform distribution', 'crowded near intersection', 'Location', 'NorthWest');

y80_decay01_ueven = [40,40,40,40,40,40,40,40,40,44,44,44,44,35,35,35,35,41,41,41,41,41,47,47,47,47,47,41,41,41,41,41,41,41,41,41,41,41,41,43,43,43,43,43,43,43,47,47,47,47,47,47,42,42,54,54,54,54,54,54,54,54,54,54,54,54,54,54,54,54,54,54,54,54,54,54,55,55,55,55,55,55,55,59,59,73,100,100,100,100,100,100,100,78,100,100,100,100,100,100];
y80_decay02_ueven = [40,40,40,40,40,40,40,40,40,42,42,42,42,38,38,38,38,41,41,41,41,41,44,44,44,44,44,41,41,41,41,41,41,41,41,41,41,41,41,42,42,42,42,42,42,42,44,44,44,44,44,44,42,42,48,48,48,48,48,48,48,48,48,48,48,48,48,48,48,48,48,48,48,48,48,48,49,49,49,49,49,49,49,51,51,58,72,72,72,72,76,91,100,89,100,100,100,100,100,100];
y80_decay03_ueven = [40,40,40,40,40,40,40,40,40,41,41,41,41,38,38,38,38,40,40,40,40,40,42,42,42,42,42,40,40,40,40,40,40,40,40,40,40,40,40,41,41,41,41,41,41,41,42,42,42,42,42,42,40,40,44,44,44,44,44,44,44,44,44,44,44,44,44,44,44,44,44,44,44,44,44,44,44,44,44,44,44,44,44,45,45,50,59,59,59,59,61,71,81,74,84,94,100,100,100,100];
y80_decay05_ueven = [40,40,40,40,40,40,40,40,40,41,41,41,41,39,39,39,39,40,40,40,40,40,41,41,41,41,41,40,40,40,40,40,40,40,40,40,40,40,40,40,40,40,40,40,40,40,41,41,41,41,41,41,40,40,42,42,42,42,42,42,42,42,42,42,42,42,42,42,42,42,42,42,42,42,42,42,42,42,42,42,42,42,42,43,43,46,52,52,52,52,53,59,65,61,67,73,79,79,79,79];
y80_decay01_even = [40,53,53,53,41,41,41,41,47,47,47,47,47,47,47,47,50,50,35,35,35,35,35,40,40,40,40,40,40,44,44,44,44,44,44,39,39,39,39,39,39,39,39,39,39,41,41,41,41,41,41,41,41,41,44,44,44,44,44,44,44,44,47,47,47,56,56,56,65,65,65,65,65,71,100,100,100,100,100,100,100,100,95,95,95,95,95,95,95,95,99,99,99,99,100,100,100,100,100,100];
y80_decay02_even = [40,47,47,47,41,41,41,41,44,44,44,44,44,44,44,44,46,46,39,39,39,39,39,41,41,41,41,41,41,43,43,43,43,43,43,41,41,41,41,41,41,41,41,41,41,42,42,42,42,42,42,42,42,42,43,43,43,43,43,43,43,43,45,45,45,50,50,50,55,55,55,55,55,58,73,73,73,73,77,77,77,77,74,74,74,74,74,74,74,74,76,76,76,76,80,80,80,80,80,80];
y80_decay03_even = [40,44,44,44,40,40,40,40,42,42,42,42,42,42,42,42,43,43,38,38,38,38,38,40,40,40,40,40,40,41,41,41,41,41,41,39,39,39,39,39,39,39,39,39,39,40,40,40,40,40,40,40,40,40,41,41,41,41,41,41,41,41,42,42,42,45,45,45,48,48,48,48,48,50,60,60,60,60,63,63,63,63,61,61,61,61,61,61,61,61,62,62,62,62,64,64,64,64,64,64];
y80_decay05_even = [40,43,43,43,41,41,41,41,42,42,42,42,42,42,42,42,43,43,40,40,40,40,40,41,41,41,41,41,41,42,42,42,42,42,42,41,41,41,41,41,41,41,41,41,41,41,41,41,41,41,41,41,41,41,42,42,42,42,42,42,42,42,43,43,43,45,45,45,47,47,47,47,47,48,54,54,54,54,56,56,56,56,55,55,55,55,55,55,55,55,56,56,56,56,57,57,57,57,57,57];
%plot(x, y80_decay01_ueven, x, y80_decay02_ueven, x, y80_decay03_ueven, x, y80_decay05_ueven);
%plot(x, y80_decay01_even, x, y80_decay02_even, x, y80_decay03_even, x, y80_decay05_even);
% axis([0 100 0 100]);
% xlabel('distance');
% ylabel('credit');
% legend('0.1', '0.2', '0.3', '0.5', 'Location', 'NorthWest');

y60_decay01_even = [40,20,20,20,25,25,25,25,31,31,31,31,31,31,31,31,34,34,19,19,19,19,19,24,24,24,24,24,24,28,28,28,28,28,28,23,23,23,23,23,23,23,23,23,23,20,20,20,20,20,20,20,20,20,22,22,22,22,22,22,22,22,25,25,25,15,15,15,22,22,22,22,22,26,49,49,49,49,55,55,55,55,61,61,61,61,61,61,61,61,58,58,58,58,64,64,64,64,64,64];
y60_decay02_even = [40,30,30,30,33,33,33,33,36,36,36,36,36,36,36,36,38,38,31,31,31,31,31,33,33,33,33,33,33,35,35,35,35,35,35,33,33,33,33,33,33,33,33,33,33,31,31,31,31,31,31,31,31,31,32,32,32,32,32,32,32,32,33,33,33,28,28,28,31,31,31,31,31,33,45,45,45,45,48,48,48,48,51,51,51,51,51,51,51,51,49,49,49,49,52,52,52,52,52,52];
