x = 1:1:699;
%y = [40,47,47,47,41,41,41,41,36,36,36,36,36,36,36,36,33,33,36,36,36,36,36,38,38,38,38,38,38,40,40,40,40,40,40,37,37,37,37,37,37,37,37,37,37,38,38,38,38,38,38,38,38,38,39,39,39,39,39,39,39,39,40,40,40,44,44,44,39,39,39,39,39,41,53,53,53,53,56,56,56,56,59,59,59,59,59,59,59,59,61,61,61,61,64,64,64,64,64,64 64,64,64,64,64,64,64,64,64,62,62,62,62,64,64,64,64,59,59,59,59,59,61,61,61,61,61,63,63,63,63,63,63,63,63,63,63,63,63,64,64,64,64,64,64,64,62,62,62,62,62,62,59,59,50,50,50,50,50,50,50,50,50,50,50,50,50,50,50,50,50,50,50,50,50,50,49,49,49,49,49,49,49,46,46,35,40,40,40,40,35,40,19,0,5,0,0,0,0,0 0,0,0,0,0,0,0,0,0,0,0,0,4,4,4,4,4,4,4,4,4,4,4,4,4,4,4,4,4,4,4,4,4,4,4,5,5,5,5,5,8,23,23,16,16,22,22,22,22,22,22,22,22,22,22,22,22,22,23,23,23,23,23,23,23,23,23,23,22,22,22,22,22,22,22,22,22,22,22,22,22,22,21,21,26,26,26,30,30,23,7,7,7,1,1,1,0,8,17,17 17,17,17,17,17,17,17,17,17,17,17,17,18,18,18,18,18,18,18,18,18,20,20,20,20,20,20,20,20,20,20,20,20,20,20,20,20,20,20,20,20,20,19,19,26,26,26,26,26,26,26,26,26,26,26,26,26,26,26,26,26,26,26,26,26,26,26,26,26,26,26,26,25,25,25,25,25,25,25,25,26,39,39,32,32,32,27,37,37,42,42,42,42,42,42,44,44,37,48,48 48,48,48,48,48,48,48,48,48,48,48,48,48,48,48,48,48,48,48,48,48,49,49,49,49,54,54,64,64,64,64,64,64,64,64,63,63,63,63,63,63,63,63,63,63,63,63,63,63,63,63,63,63,63,63,63,63,63,63,63,63,63,63,63,64,64,64,60,60,60,60,56,56,47,47,47,47,47,47,47,47,47,47,47,47,47,47,47,47,47,46,46,46,46,41,41,41,41,41,41 41,41,41,41,43,43,53,53,53,60,60,60,60,60,60,60,60,60,60,60,60,59,59,59,59,59,59,59,59,59,59,59,59,59,59,58,58,58,62,62,62,62,62,62,62,62,62,60,60,60,60,60,60,60,60,60,60,60,60,60,60,60,60,60,61,61,61,61,61,61,61,61,61,61,61,61,61,61,61,61,62,62,62,57,57,57,57,60,72,72,72,67,67,59,42,42,47,47,47,47 47,47,47,47,47,47,47,47,47,47,47,47,47,47,47,47,47,47,47,47,47,48,48,48,48,44,44,44,44,44,44,46,60,60,60,60,60,60,63,63,63,63,63,66,66,74,74,74,74,74,74,74,74,74,76,76,85,85,85,85,85,89,89,89,89,89,89,89,89,89,89,89,89,89,89,89,89,88,88,88,88,88,88,88,88,90,90,90,90,90,90,90,90,90,90,90,90,90,89,89 89,89,82,82,82,85,85,85,85,85,85,85,85,85,85,85,83,83,83,83,83,83,83,83,83,83,83,83,81,86,86,86,86,86,86,86,87,87,87,87,87,89,89,89,89,89,89,89,89,89,90,100,100,100,100,100,100,100,100,100,100,100,100,100,100,100,100,100,100,100,100,100,100,100,100,100,100,100,99,99,99,99,100,100,100,100,100,100,100,100,98,98]; 
%y2 = [40,47,47,47,43,43,43,43,40,40,40,40,40,40,40,40,38,38,42,42,42,42,42,44,44,44,44,44,44,45,45,45,45,45,45,43,43,43,43,43,43,43,43,43,43,44,44,44,44,44,44,44,44,44,45,45,45,45,45,45,45,45,46,46,46,49,49,49,44,44,44,44,44,46,54,54,54,54,56,56,56,56,58,58,58,58,58,58,58,58,59,59,59,59,61,61,61,61,61,61,61,61,61,61,61,61,61,61,61,59,59,59,59,59,59,59,59,53,53,53,53,53,53,53,53,53,53,53,53,53,53,53,53,53,53,53,53,53,53,53,53,53,53,53,53,53,50,50,50,50,50,50,47,47,36,36,36,36,36,36,36,36,36,36,36,36,36,36,36,36,36,36,36,36,36,36,35,35,35,35,35,35,35,32,32,21,24,24,24,24,19,22,0,0,3,0,0,0,0,0,0,0,0,0,0,0,0,0,0,0,0,0,0,0,0,0,0,0,0,0,0,0,0,0,0,0,0,0,0,0,0,0,0,0,0,0,0,0,0,0,1,4,4,0,0,2,2,2,2,2,2,2,2,2,2,2,2,2,2,2,2,2,2,2,2,2,2,2,0,0,0,0,0,0,0,0,0,0,0,0,0,0,0,0,2,2,2,3,3,0,0,0,0,0,0,0,0,4,8,8,8,8,8,8,8,8,8,8,8,8,8,8,9,9,9,9,9,9,9,9,9,11,11,11,11,11,11,11,11,11,11,11,11,11,11,11,11,11,11,11,11,11,11,11,18,18,18,18,18,18,18,18,18,18,18,18,18,18,18,18,18,18,18,18,18,18,18,18,18,18,18,18,18,18,18,18,18,18,18,18,20,33,33,27,27,27,23,34,34,40,40,40,40,40,40,42,42,35,46,46,46,46,46,46,46,46,46,46,46,46,46,46,46,46,46,46,46,46,46,46,46,47,47,47,47,52,52,62,62,62,62,62,62,62,62,61,61,61,61,61,61,61,61,61,61,61,61,61,61,61,61,61,61,61,61,61,61,61,61,61,61,61,61,61,62,62,62,59,59,59,59,56,56,50,50,50,50,50,50,50,50,50,50,50,50,50,50,50,50,50,50,50,50,50,47,47,47,47,47,47,47,47,47,47,49,49,59,59,59,66,66,66,66,66,66,66,66,66,66,66,66,66,66,66,66,66,66,66,66,66,66,66,66,66,66,66,66,66,71,71,71,71,71,71,71,71,71,70,70,70,70,70,70,70,70,70,70,70,70,70,70,70,70,70,71,71,71,71,71,71,71,71,71,71,71,71,71,71,71,71,72,72,72,68,68,68,68,71,83,83,83,79,79,72,58,58,63,63,63,63,63,63,63,63,63,63,63,63,63,63,63,63,63,63,63,63,63,63,63,63,63,64,64,64,64,61,61,61,61,61,61,63,76,76,76,76,76,76,78,78,78,78,78,81,81,87,87,87,87,87,87,87,87,87,88,88,94,94,94,94,94,97,97,97,97,97,97,97,97,97,97,97,97,97,97,97,97,97,97,97,97,97,97,97,97,98,98,98,98,98,98,98,98,98,98,98,98,98,97,97,97,97,90,90,90,90,90,90,90,90,90,90,90,90,90,90,88,88,88,88,88,88,88,88,88,88,88,88,86,87,87,87,87,87,87,87,87,87,87,87,87,87,87,87,87,87,87,87,87,87,87,90,90,92,92,92,92,92,92,93,93,95,99,99,100,100,100,100,100,100,100,100,100,100,100,100,100,100,99,99,99,99,100,100,100,100,100,100,100,100,98,98];
% y = [40,40,40,40,40,40,40,40,40,40,41,41,41,41,41,41,42,42,42,42,42,42,43,47,45,45,45,44,44,46,46,46,44,44,44,44,44,44,44,44,45,45,45,45,46,49,52,52,52,52,52,53,56,56,56,56,56,57,57,59,59,61,61,61,61,61,61,61,61,61,61,62,62,62,64,64,66,69,69,71,71,71,73,76,76,76,76,78,81,84,84,84,84,84,84,84,84,84,84,84 84,84,84,84,84,84,84,84,84,84,84,84,84,84,84,84,84,84,84,84,84,84,84,84,84,84,84,84,84,84,84,84,84,84,84,84,84,84,85,85,82,82,82,79,74,74,74,74,74,74,74,74,74,74,74,74,74,74,74,74,74,74,74,74,74,74,74,74,74,74,74,74,74,74,74,74,74,74,74,74,74,74,74,74,74,72,68,68,69,69,69,69,69,69,69,69,71,73,73,71 75,79,76,73,69,69,69,69,69,69,69,69,71,73,73,75,78,78,80,80,80,80,80,80,80,80,...
%     81,81,83,81,81,81,81,81,81,81,80,80,80,80,80,80,81,81,81,81,81,80,80,82,82,82,82,82,82,82,83,83,83,83,83,83,83,83,83,83,82,82,82,82,82,83,80,77,77,79,79,81,81,81,79,79,79,79,78,78,78,79,79,81,83,80,80,80,80,80,80,80,80,80 80,80,81,78,74,74,75,77,77,77,77,75,75,75,75,76,76,76,76,77,77,77,77,77,77,77,77,78,78,78,78,78,78,78,78,78,78,78,78,78,78,78,78,78,78,78,78,78,78,78,78,78,78,78,78,78,78,78,78,78,78,78,78,78,78,78,78,78,78,78,78,78,78,78,78,78,78,78,78,78,78,78,78,78,78,78,78,78,78,78,78,78,78,78,78,79,79,81,81,81 81,81,81,81,...
%     81,79,79,80,80,80,80,78,78,75,76,72,67,67,67,67,67,65,65,65,65,65,62,57,57,57,57,57,55,56,56,57,57,57,58,58,55,51,47,47,44,40,40,40,40,40,38,39,39,36,36,36,34,34,31,31,31,31,31,31,29,24,24,24,24,24,21,22,22,22,22,22,18,18,18,18,18,18,18,18,18,18,18,18,18,18,18,18,18,18,18,18,18,18,14,15 19,23,20,20,20,20,20,20,20,20,20,20,20,20,20,20,20,20,20,20,20,20,20,20,20,20,20,20,20,20,20,20,20,20,20,20,20,20,20,20,20,21,21,21,21,20,23,23,23,25,25,25,25,25,25,26,26,26,26,27,27,27,27,27,27,27,27,27,27,28,28,28,27,30,28,28,28,28,28,28,28,28,28,28,28,29,29,29,29,30,30,30,30,30,30,30,30,30,30,29 29,29,29,29,29,29,29,29,29,29,29,29,30,30,30,30,30,29,31,31,31,31,31,32,32,32,32,32,32,32,32,32,33,33,33,33,33,33,33,33,33,34,34,34,36,36,36,36,36,36,36,36,36,37,37,37,37,37,37,37,37,37,37,37,37,37,37,37,37,37,37,37,37,37,37,37,37,37,37,37,37,37,37,37,37,37,37,37,37,37,37,38,38,38,38,38,38,38,38 ];
%size(y)
